
100  0.384640

200  1.847264

300  5.069472

400  7.744768

500  18.834335

600  25.773697

700  38.623550

800  47.072544

900  80.327171

1000  95.845276

1100  138.996964

1200  146.486618

1300  232.556152

1400  258.228790

1500  325.177979

1600  333.924927

1700  477.459564

1800  546.549622

1900  654.015625

2000  638.642212

2100  898.555115

2200  934.651794

2300  1324.521362

2400  1089.044678

2500  1488.648315

2600  1554.860840

2700  1867.141602

2800  1713.017334

2900  2267.877197

3000  2283.864014

3100  2820.478027

3200  2535.391357

3300  3281.961182

3400  3358.026367

3500  3907.990967

3600  3589.875732

3700  4662.348633

3800  4566.076172

3900  5443.885254

4000  4898.979492

4100  6405.363281

4200  6211.704102

4300  7101.902344

4400  6505.308594

4500  8259.861328

4600  8513.108398

4700  9427.267578

4800  8422.276367

4900  10828.067383

5000  10553.307617

5100  11709.873047

5200  10680.093750

5300  13442.510742

5400  13238.938477

5500  14899.168945

5600  13316.107422

5700  16787.935547

5800  16096.599609

5900  18595.824219

6000  16625.220703

6100  20478.667969

6200  19920.337891

6300  22310.945312

6400  20401.541016

6500  24849.287109

6600  23665.935547

6700  27107.931641

6800  24411.929688

6900  31123.275391

7000  28423.878906

7100  32813.105469

7200  28975.035156

7300  36485.414062

7400  33309.621094

7500  37791.035156

7600  34028.207031

7700  41455.363281

7800  39192.750000

7900  43639.328125

8000  39683.277344

8100  47795.300781

8200  45992.558594

8300  50843.843750

8400  45998.632812

8500  55093.035156

8600  52541.859375

8700  59771.628906

8800  53064.066406

8900  62924.289062

9000  61112.480469

9100  67085.242188

9200  60583.218750

9300  72205.460938

9400  69793.062500

9500  77466.000000

9600  69582.562500

9700  81835.335938

9800  79633.164062

9900  86624.148438

10000  77953.578125
