
100 1.477696


200 8.210752


300 27.595743


400 48.708031


500 128.505692


600 186.610306


700 329.716492


800 339.840515


900 724.696289


1000 845.105225


1100 1271.527100


1200 1054.033447


1300 2062.930908


1400 2267.527100


1500 3282.472656


1600 2345.139648


1700 4592.084961


1800 4723.994629


1900 6778.176270


2000 4599.918457


2100 8663.708984


2200 8648.892578


2300 14220.041992


2400 8175.587891


2500 15577.972656


2600 14197.917969


2700 20627.251953


2800 12361.748047


2900 22636.677734


3000 21465.480469


3100 28439.910156


3200 19748.177734


3300 32928.675781


3400 31807.289062


3500 39881.160156


3600 26157.369141


3700 46705.175781


3800 44919.785156


3900 54461.707031


4000 35692.914062


4100 65001.976562


4200 60293.492188


4300 73248.359375


4400 48382.632812


4500 83546.929688


4600 91465.148438


4700 96418.664062


4800 69047.070312


4900 108933.906250


5000 115559.171875


5100 121413.578125


5200 79715.054688


5300 137370.187500


5400 127464.398438


5500 156664.000000


5600 98298.570312


5700 169078.140625


5800 158478.140625


5900 188368.875000


6000 120825.039062


6100 210220.421875


6200 192210.875000


6300 228299.687500


6400 156575.078125


6500 259314.562500


6600 225952.921875


6700 275903.125000


6800 175280.656250


6900 332728.187500


7000 273714.250000


7100 350678.312500


7200 217037.140625


7300 421436.156250


7400 322664.187500


7500 384583.000000


7600 246184.406250


7700 435543.406250


7800 373723.781250


7900 450959.468750


8000 286721.218750


8100 497846.687500


8200 436321.906250


8300 521382.343750


8400 334337.781250


8500 564539.625000


8600 508623.968750


8700 616014.187500


8800 397995.343750


8900 641495.750000


9000 575439.625000


9100 689870.625000


9200 479672.718750


9300 733719.250000


9400 690252.812500


9500 792112.312500


9600 630294.500000


9700 844985.937500


9800 786736.000000


9900 885626.187500


10000 616563.062500

