
100 1.471296

200 9.331712

300 30.167521

400 46.307518

500 129.922623

600 196.471710

700 348.695923

800 328.147919

900 743.659790

1000 880.344360

1100 1299.215454

1200 1321.004517

1300 2153.184570

1400 2405.317139

1500 3315.043213

1600 2483.584717

1700 4771.901367

1800 5083.257812

1900 6898.777344

2000 4986.063477

2100 9060.571289

2200 9082.648438

2300 13303.211914

2400 11009.237305

2500 15669.683594

2600 15006.982422

2700 19881.406250

2800 13601.572266

2900 23444.878906

3000 23220.962891

3100 28612.435547

3200 32836.992188

3300 34520.691406

3400 32993.863281

3500 40992.488281

3600 36192.414062

3700 48472.574219

3800 46220.375000

3900 56636.109375

4000 38952.894531

4100 66679.421875

4200 63772.699219

4300 75888.250000

4400 52205.496094

4500 87291.109375

4600 86018.156250

4700 99863.742188

4800 157835.531250

4900 114034.648438

5000 109708.312500

5100 127338.265625

5200 85832.781250

5300 143428.765625

5400 135054.390625

5500 161087.234375

5600 106323.523438

5700 174835.062500

5800 163109.609375

5900 194676.859375

6000 168757.046875

6100 217002.171875

6200 199690.906250

6300 238334.828125

6400 263875.187500

6500 261378.421875

6600 244447.843750

6700 285406.281250

6800 191238.156250

6900 320488.250000

7000 287750.250000

7100 345143.343750

7200 295602.875000

7300 405478.750000

7400 341061.062500

7500 399544.593750

7600 267051.437500

7700 435517.968750

7800 405243.468750

7900 470445.468750

8000 304211.156250

8100 503370.125000

8200 464193.968750

8300 542361.812500

8400 460685.031250

8500 582513.062500

8600 530791.437500

8700 637866.562500

8800 413100.343750

8900 664377.062500

9000 620779.062500

9100 725691.812500

9200 487302.968750

9300 764542.500000

9400 701834.937500

9500 816426.875000

9600 2442805.000000

9700 881349.937500

9800 793583.937500

9900 922158.875000

10000 611441.375000
